1	0	4	not
2	0	8	not
3	0	12	not
4	0	16	not
5	0	20	not
6	0	24	not
7	0	28	not
8	0	32	not
9	0	36	not
10	0	40	not
11	3	6	not
12	3	10	not
13	3	14	not
14	3	18	not
15	3	22	not
16	3	26	not
17	3	30	not
18	3	34	not
19	3	38	not
20	3	42	not
21	6	4	xor
22	6	8	xor
23	6	12	xor
24	6	16	xor
25	6	20	xor
26	6	24	xor
27	6	28	xor
28	6	32	xor
29	6	36	xor
30	6	40	xor
31	9	6	and
32	9	10	and
33	9	14	and
34	9	18	and
35	9	22	and
36	9	26	and
37	9	30	and
38	9	34	and
39	9	38	and
40	9	42	and
41	12	4	and
42	12	8	and
43	12	12	and
44	12	16	and
45	12	20	and
46	12	24	and
47	12	28	and
48	12	32	and
49	12	36	and
50	12	40	and
51	15	2	or
52	15	6	or
53	15	10	or
54	15	14	or
55	15	18	or
56	15	22	or
57	15	26	or
58	15	30	or
59	15	34	or
60	15	38	or
61	15	42	or
62	18	2	xor
63	18	6	xor
64	18	10	xor
65	18	14	xor
66	18	18	xor
67	18	22	xor
68	18	26	xor
69	18	30	xor
70	18	34	xor
71	18	38	xor
1	1
2	1
3	0
4	0
5	0
6	1
7	0
8	1
9	0
10	1
11	1
12	1
13	1
14	1
15	0
16	1
17	0
18	1
19	1
20	0
	
	
	
	
	
	
	
	
	
	
	
	
	
	
	
	
	
	
	
	
	
	
	
	
	
	
	
	
	
	
51	0
	
	
	
	
	
	
	
	
	
	
	
	
	
	
	
	
	
	
	
	
		
		
		
		
		
		
		
		
		
		
		
		
		
		
		
		
		
		
		
		
21	1	11
22	2	12
23	3	13
24	4	14
25	5	15
26	6	16
27	7	17
28	8	18
29	9	19
30	10	20
31	1	11
32	2	12
33	3	13
34	4	14
35	5	15
36	6	16
37	7	17
38	8	18
39	9	19
40	10	20
41	21	51
42	22	52
43	23	53
44	24	54
45	25	55
46	26	56
47	27	57
48	28	58
49	29	59
50	30	60
		
52	41	31
53	42	32
54	43	33
55	44	34
56	45	35
57	46	36
58	47	37
59	48	38
60	49	39
61	50	40
62	21	51
63	22	52
64	23	53
65	24	54
66	25	55
67	26	56
68	27	57
69	28	58
70	29	59
71	30	60
