1	0	4	not
2	0	8	not
3	0	12	not
4	0	16	not
5	0	20	not
6	0	24	not
7	0	28	not
8	0	32	not
9	0	36	not
10	0	40	not
11	0	44	not
12	0	48	not
13	0	52	not
14	0	56	not
15	0	60	not
16	0	64	not
17	0	68	not
18	0	72	not
19	0	76	not
20	0	80	not
21	3	4	xor
22	3	8	xor
23	3	12	xor
24	3	16	xor
25	3	20	xor
26	3	24	xor
27	3	28	xor
28	3	32	xor
29	3	36	xor
30	3	40	xor
31	3	44	xor
32	3	48	xor
33	3	52	xor
34	3	56	xor
35	3	60	xor
36	3	64	xor
37	3	68	xor
38	3	72	xor
39	3	76	xor
40	3	80	not
41	6	4	xor
42	6	8	xor
43	6	12	xor
44	6	16	xor
45	6	20	xor
46	6	24	xor
47	6	28	xor
48	6	32	xor
49	6	36	xor
50	6	40	xor
51	6	44	xor
52	6	48	xor
53	6	52	xor
54	6	56	xor
55	6	60	xor
56	6	64	xor
57	6	68	xor
58	6	72	xor
59	6	76	xor
60	6	80	not
61	9	4	xor
62	9	8	xor
63	9	12	xor
64	9	16	xor
65	9	20	xor
66	9	24	xor
67	9	28	xor
68	9	32	xor
69	9	36	xor
70	9	40	xor
71	9	44	xor
72	9	48	xor
73	9	52	xor
74	9	56	xor
75	9	60	xor
76	9	64	xor
77	9	68	xor
78	9	72	xor
79	9	76	xor
80	9	80	not
81	12	4	xor
82	12	8	xor
83	12	12	xor
84	12	16	xor
85	12	20	xor
86	12	24	xor
87	12	28	xor
88	12	32	xor
89	12	36	xor
90	12	40	xor
91	12	44	xor
92	12	48	xor
93	12	52	xor
94	12	56	xor
95	12	60	xor
96	12	64	xor
97	12	68	xor
98	12	72	xor
99	12	76	xor
100	12	80	not
101	15	4	xor
102	15	8	xor
103	15	12	xor
104	15	16	xor
105	15	20	xor
106	15	24	xor
107	15	28	xor
108	15	32	xor
109	15	36	xor
110	15	40	xor
111	15	44	xor
112	15	48	xor
113	15	52	xor
114	15	56	xor
115	15	60	xor
116	15	64	xor
117	15	68	xor
118	15	72	xor
119	15	76	xor
120	15	80	not
121	18	4	xor
122	18	8	xor
123	18	12	xor
124	18	16	xor
125	18	20	xor
126	18	24	xor
127	18	28	xor
128	18	32	xor
129	18	36	xor
130	18	40	xor
131	18	44	xor
132	18	48	xor
133	18	52	xor
134	18	56	xor
135	18	60	xor
136	18	64	xor
137	18	68	xor
138	18	72	xor
139	18	76	xor
140	18	80	not
141	21	4	xor
142	21	8	xor
143	21	12	xor
144	21	16	xor
145	21	20	xor
146	21	24	xor
147	21	28	xor
148	21	32	xor
149	21	36	xor
150	21	40	xor
151	21	44	xor
152	21	48	xor
153	21	52	xor
154	21	56	xor
155	21	60	xor
156	21	64	xor
157	21	68	xor
158	21	72	xor
159	21	76	xor
160	21	80	not
161	24	4	xor
162	24	8	xor
163	24	12	xor
164	24	16	xor
165	24	20	xor
166	24	24	xor
167	24	28	xor
168	24	32	xor
169	24	36	xor
170	24	40	xor
171	24	44	xor
172	24	48	xor
173	24	52	xor
174	24	56	xor
175	24	60	xor
176	24	64	xor
177	24	68	xor
178	24	72	xor
179	24	76	xor
180	24	80	not
181	27	4	xor
182	27	8	xor
183	27	12	xor
184	27	16	xor
185	27	20	xor
186	27	24	xor
187	27	28	xor
188	27	32	xor
189	27	36	xor
190	27	40	xor
191	27	44	xor
192	27	48	xor
193	27	52	xor
194	27	56	xor
195	27	60	xor
196	27	64	xor
197	27	68	xor
198	27	72	xor
199	27	76	xor
200	27	80	not
201	30	4	xor
202	30	8	xor
203	30	12	xor
204	30	16	xor
205	30	20	xor
206	30	24	xor
207	30	28	xor
208	30	32	xor
209	30	36	xor
210	30	40	xor
211	30	44	xor
212	30	48	xor
213	30	52	xor
214	30	56	xor
215	30	60	xor
216	30	64	xor
217	30	68	xor
218	30	72	xor
219	30	76	xor
220	30	80	not
221	33	4	xor
222	33	8	xor
223	33	12	xor
224	33	16	xor
225	33	20	xor
226	33	24	xor
227	33	28	xor
228	33	32	xor
229	33	36	xor
230	33	40	xor
231	33	44	xor
232	33	48	xor
233	33	52	xor
234	33	56	xor
235	33	60	xor
236	33	64	xor
237	33	68	xor
238	33	72	xor
239	33	76	xor
240	33	80	not
241	36	4	xor
242	36	8	xor
243	36	12	xor
244	36	16	xor
245	36	20	xor
246	36	24	xor
247	36	28	xor
248	36	32	xor
249	36	36	xor
250	36	40	xor
251	36	44	xor
252	36	48	xor
253	36	52	xor
254	36	56	xor
255	36	60	xor
256	36	64	xor
257	36	68	xor
258	36	72	xor
259	36	76	xor
260	36	80	not
261	39	4	xor
262	39	8	xor
263	39	12	xor
264	39	16	xor
265	39	20	xor
266	39	24	xor
267	39	28	xor
268	39	32	xor
269	39	36	xor
270	39	40	xor
271	39	44	xor
272	39	48	xor
273	39	52	xor
274	39	56	xor
275	39	60	xor
276	39	64	xor
277	39	68	xor
278	39	72	xor
279	39	76	xor
280	39	80	not
281	42	4	xor
282	42	8	xor
283	42	12	xor
284	42	16	xor
285	42	20	xor
286	42	24	xor
287	42	28	xor
288	42	32	xor
289	42	36	xor
290	42	40	xor
291	42	44	xor
292	42	48	xor
293	42	52	xor
294	42	56	xor
295	42	60	xor
296	42	64	xor
297	42	68	xor
298	42	72	xor
299	42	76	xor
300	42	80	not
1	1
2	1
3	1
4	1
5	1
6	1
7	1
8	1
9	1
10	1
11	1
12	1
13	1
14	1
15	1
16	1
17	1
18	1
19	1
20	1
	
	
	
	
	
	
	
	
	
	
	
	
	
	
	
	
	
	
	
	
	
	
	
	
	
	
	
	
	
	
	
	
	
	
	
	
	
	
	
	
	
	
	
	
	
	
	
	
	
	
	
	
	
	
	
	
	
	
	
	
	
	
	
	
	
	
	
	
	
	
	
	
	
	
	
	
	
	
	
	
	
	
	
	
	
	
	
	
	
	
	
	
	
	
	
	
	
	
	
	
	
	
	
	
	
	
	
	
	
	
	
	
	
	
	
	
	
	
	
	
	
	
	
	
	
	
	
	
	
	
	
	
	
	
	
	
	
	
	
	
	
	
	
	
	
	
	
	
	
	
	
	
	
	
	
	
	
	
	
	
	
	
	
	
	
	
	
	
	
	
	
	
	
	
	
	
	
	
	
	
	
	
	
	
	
	
	
	
	
	
	
	
	
	
	
	
	
	
	
	
	
	
	
	
	
	
	
	
	
	
	
	
	
	
	
	
	
	
	
	
	
	
	
	
	
	
	
	
	
	
	
	
	
	
	
	
	
	
	
	
	
	
	
	
	
	
	
	
	
	
	
	
	
	
	
	
	
	
	
	
	
	
	
	
	
	
	
	
	
	
	
	
	
	
	
	
	
	
	
	
		
		
		
		
		
		
		
		
		
		
		
		
		
		
		
		
		
		
		
		
21	1	2
22	2	3
23	3	4
24	4	5
25	5	6
26	6	7
27	7	8
28	8	9
29	9	10
30	10	11
31	11	12
32	12	13
33	13	14
34	14	15
35	15	16
36	16	17
37	17	18
38	18	19
39	19	20
40	20	None
41	21	22
42	22	23
43	23	24
44	24	25
45	25	26
46	26	27
47	27	28
48	28	29
49	29	30
50	30	31
51	31	32
52	32	33
53	33	34
54	34	35
55	35	36
56	36	37
57	37	38
58	38	39
59	39	40
60	40	None
61	41	42
62	42	43
63	43	44
64	44	45
65	45	46
66	46	47
67	47	48
68	48	49
69	49	50
70	50	51
71	51	52
72	52	53
73	53	54
74	54	55
75	55	56
76	56	57
77	57	58
78	58	59
79	59	60
80	60	None
81	61	62
82	62	63
83	63	64
84	64	65
85	65	66
86	66	67
87	67	68
88	68	69
89	69	70
90	70	71
91	71	72
92	72	73
93	73	74
94	74	75
95	75	76
96	76	77
97	77	78
98	78	79
99	79	80
100	80	None
101	81	82
102	82	83
103	83	84
104	84	85
105	85	86
106	86	87
107	87	88
108	88	89
109	89	90
110	90	91
111	91	92
112	92	93
113	93	94
114	94	95
115	95	96
116	96	97
117	97	98
118	98	99
119	99	100
120	100	None
121	101	102
122	102	103
123	103	104
124	104	105
125	105	106
126	106	107
127	107	108
128	108	109
129	109	110
130	110	111
131	111	112
132	112	113
133	113	114
134	114	115
135	115	116
136	116	117
137	117	118
138	118	119
139	119	120
140	120	None
141	121	122
142	122	123
143	123	124
144	124	125
145	125	126
146	126	127
147	127	128
148	128	129
149	129	130
150	130	131
151	131	132
152	132	133
153	133	134
154	134	135
155	135	136
156	136	137
157	137	138
158	138	139
159	139	140
160	140	None
161	141	142
162	142	143
163	143	144
164	144	145
165	145	146
166	146	147
167	147	148
168	148	149
169	149	150
170	150	151
171	151	152
172	152	153
173	153	154
174	154	155
175	155	156
176	156	157
177	157	158
178	158	159
179	159	160
180	160	None
181	161	162
182	162	163
183	163	164
184	164	165
185	165	166
186	166	167
187	167	168
188	168	169
189	169	170
190	170	171
191	171	172
192	172	173
193	173	174
194	174	175
195	175	176
196	176	177
197	177	178
198	178	179
199	179	180
200	180	None
201	181	182
202	182	183
203	183	184
204	184	185
205	185	186
206	186	187
207	187	188
208	188	189
209	189	190
210	190	191
211	191	192
212	192	193
213	193	194
214	194	195
215	195	196
216	196	197
217	197	198
218	198	199
219	199	200
220	200	None
221	201	202
222	202	203
223	203	204
224	204	205
225	205	206
226	206	207
227	207	208
228	208	209
229	209	210
230	210	211
231	211	212
232	212	213
233	213	214
234	214	215
235	215	216
236	216	217
237	217	218
238	218	219
239	219	220
240	220	None
241	221	222
242	222	223
243	223	224
244	224	225
245	225	226
246	226	227
247	227	228
248	228	229
249	229	230
250	230	231
251	231	232
252	232	233
253	233	234
254	234	235
255	235	236
256	236	237
257	237	238
258	238	239
259	239	240
260	240	None
261	241	242
262	242	243
263	243	244
264	244	245
265	245	246
266	246	247
267	247	248
268	248	249
269	249	250
270	250	251
271	251	252
272	252	253
273	253	254
274	254	255
275	255	256
276	256	257
277	257	258
278	258	259
279	259	260
280	260	None
281	261	262
282	262	263
283	263	264
284	264	265
285	265	266
286	266	267
287	267	268
288	268	269
289	269	270
290	270	271
291	271	272
292	272	273
293	273	274
294	274	275
295	275	276
296	276	277
297	277	278
298	278	279
299	279	280
300	280	None
