1	0	4	not
2	0	8	not
3	0	12	not
4	0	16	not
5	0	20	not
1	1
2	1
3	0
4	1
5	0
11	3	6	not
12	3	10	not
13	3	14	not
14	3	18	not
15	3	22	not
11	0
12	0
13	1
14	1
15	0
21	6	4	xor
22	6	8	xor
23	6	12	xor
24	6	16	xor
25	6	20	xor
21	1	11
22	2	12
23	3	13
24	4	14
25	5	15
31	9	6	and
32	9	10	and
33	9	14	and
34	9	18	and
35	9	22	and
31	1	11
32	2	12
33	3	13
34	4	14
35	5	15
41	12	2	or
42	12	6	or
43	12	10	or
44	12	14	or
45	12	18	or
46	12	22	or
42	31	41
43	32	42
44	33	43
45	34	44
46	35	45
41	0
52	15	4	xor
53	15	8	xor
54	15	12	xor
55	15	16	xor
56	15	20	xor
52	21	41
53	22	42
54	23	43
55	24	44
56	25	45
