1	0	4	not
2	0	8	not
3	0	12	not
4	0	16	not
5	0	20	not
6	0	24	not
7	0	28	not
8	0	32	not
9	0	36	not
10	0	40	not
11	3	4	not
12	3	8	not
13	3	12	not
14	3	16	not
15	3	20	not
16	3	24	not
17	3	28	not
18	3	32	not
19	3	36	not
20	3	40	not
1	1
2	1
3	1
4	1
5	1
6	1
7	1
8	1
9	1
10	1
11	1	None
12	2	None
13	3	None
14	4	None
15	5	None
16	6	None
17	7	None
18	8	None
19	9	None
20	10	None
21	6	6	not
22	6	10	not
23	6	14	not
24	6	18	not
25	6	22	not
26	6	26	not
27	6	30	not
28	6	34	not
29	6	38	not
30	6	42	not
21	1
22	0
23	0
24	0
25	0
26	0
27	0
28	0
29	0
30	0
31	9	4	xor
32	9	8	xor
33	9	12	xor
34	9	16	xor
35	9	20	xor
36	9	24	xor
37	9	28	xor
38	9	32	xor
39	9	36	xor
40	9	40	xor
41	12	6	and
42	12	10	and
43	12	14	and
44	12	18	and
45	12	22	and
46	12	26	and
47	12	30	and
48	12	34	and
49	12	38	and
50	12	42	and
51	15	2	or
52	15	6	or
53	15	10	or
54	15	14	or
55	15	18	or
56	15	22	or
57	15	26	or
58	15	30	or
59	15	34	or
60	15	38	or
61	15	42	or
62	18	4	xor
63	18	8	xor
64	18	12	xor
65	18	16	xor
66	18	20	xor
67	18	24	xor
68	18	28	xor
69	18	32	xor
70	18	36	xor
71	18	40	xor
51	0
31	11	21
32	12	22
33	13	23
34	14	24
35	15	25
36	16	26
37	17	27
38	18	28
39	19	29
40	20	30
41	11	21
42	12	22
43	13	23
44	14	24
45	15	25
46	16	26
47	17	27
48	18	28
49	19	29
50	20	30
		
52	41	51
53	42	52
54	43	53
55	44	54
56	45	55
57	46	56
58	47	57
59	48	58
60	49	59
61	50	60
62	31	51
63	32	52
64	33	53
65	34	54
66	35	55
67	36	56
68	37	57
69	38	58
70	39	59
71	40	60
